sprite1,127,3,22,31
sprite2,97,4,14,31
sprite3,56,6,22,26
sprite4,166,7,25,26
sprite5,16,8,26,23
sprite6,128,40,20,27
sprite7,91,42,24,30
sprite8,55,44,26,30
sprite9,168,45,24,26
sprite10,18,46,24,28
sprite11,130,80,19,28
sprite12,96,82,16,31
sprite13,56,84,24,29
sprite14,167,85,25,27
sprite15,17,86,25,26
sprite16,91,118,23,30
sprite17,56,119,23,29
sprite18,126,119,26,29
sprite19,168,121,23,26
sprite20,19,122,23,30
sprite21,95,155,20,30
sprite22,57,156,21,28
sprite23,126,156,26,28
sprite24,167,158,24,27
sprite25,18,159,24,27
sprite26,19,190,28,32
sprite27,96,194,21,27
sprite28,129,196,22,27
sprite29,168,196,24,24
sprite30,56,197,27,24
sprite31,160,227,28,26
sprite32,93,228,19,27
sprite33,19,230,30,27
sprite34,56,231,21,25
sprite35,122,231,25,26
sprite36,20,260,23,41
sprite37,93,268,27,32
sprite38,56,270,29,30
sprite39,130,270,18,32
sprite40,168,274,23,24
sprite41,19,304,20,41
sprite42,56,309,31,35
sprite43,94,314,36,29
sprite44,174,318,22,35
sprite45,134,319,36,27
sprite46,18,356,24,36
sprite47,56,362,31,29
sprite48,96,364,34,27
sprite49,134,366,32,29
sprite50,173,367,22,23
sprite51,67,399,4,3
sprite52,49,401,33,35
sprite53,154,403,3,5
sprite54,173,404,40,31
sprite55,130,405,34,32
sprite56,12,406,31,36
sprite57,164,410,2,1
sprite58,7,412,4,3
sprite59,96,412,2,3
sprite60,99,413,1,1
sprite61,88,415,38,30
sprite62,10,448,33,33
sprite63,129,485,21,37
sprite64,159,485,23,36
sprite65,62,491,24,31
sprite66,97,491,21,31
sprite67,29,494,24,27
sprite68,160,527,23,36
sprite69,127,528,22,34
sprite70,62,533,25,34
sprite71,96,534,24,30
sprite72,30,536,23,30
sprite73,160,570,23,37
sprite74,129,571,21,37
sprite75,62,575,25,33
sprite76,96,577,23,30
sprite77,30,579,23,28
sprite78,128,614,22,37
sprite79,158,615,24,34
sprite80,98,618,22,32
sprite81,62,619,25,30
sprite82,30,621,24,32
sprite83,129,657,21,37
sprite84,158,657,24,36
sprite85,97,661,23,31
sprite86,62,662,24,30
sprite87,30,664,24,30
sprite88,61,697,29,33
sprite89,106,700,19,36
sprite90,135,701,28,31
sprite91,173,705,34,26
sprite92,15,706,34,23
sprite93,61,741,28,39
sprite94,99,745,26,35
sprite95,134,746,30,29
sprite96,173,750,34,27
sprite97,14,752,34,28
sprite98,62,785,28,37
sprite99,104,788,21,37
sprite100,135,789,28,29
sprite101,173,793,34,28
sprite102,15,795,34,26
sprite103,60,829,31,33
sprite104,99,831,26,34
sprite105,134,833,28,29
sprite106,16,836,34,30
sprite107,173,837,34,24
sprite108,61,869,29,33
sprite109,104,872,21,34
sprite110,135,873,28,29
sprite111,15,877,34,27
sprite112,173,877,34,26
sprite113,66,914,90,32